# gauge wave, dx = 0.02, t = 10
# 1:x 2:alpha 3:alpha_exact
-5.000000000000000000e-01 1.000038631715360449e+00 9.999999999999488187e-01
-4.800000000000000377e-01 1.006285512057610187e+00 1.006247148247550571e+00
-4.600000000000000755e-01 1.012396229613729659e+00 1.012358132637055652e+00
-4.400000000000000577e-01 1.018277726380409920e+00 1.018239881004654457e+00
-4.200000000000000400e-01 1.023841977804070158e+00 1.023804359929220809e+00
-4.000000000000000222e-01 1.029007061167780179e+00 1.028969642520694006e+00
-3.800000000000000600e-01 1.033698077507085200e+00 1.033660829572637940e+00
-3.600000000000000422e-01 1.037847935458124704e+00 1.037810832607519940e+00
-3.400000000000000799e-01 1.041398007058779163e+00 1.041361028918475595e+00
-3.200000000000000622e-01 1.044298666038476542e+00 1.044261799189531992e+00
-3.000000000000000444e-01 1.046509718791154508e+00 1.046472957906454226e+00
-2.800000000000000266e-01 1.048000737249692227e+00 1.047964085774340637e+00
-2.600000000000000644e-01 1.048751301454429186e+00 1.048714771919810884e+00
-2.400000000000000466e-01 1.048751157879489693e+00 1.048714771919816879e+00
-2.200000000000000289e-01 1.048000297659356539e+00 1.047964085774359067e+00
-2.000000000000000666e-01 1.046508956825763947e+00 1.046472957906484424e+00
-1.800000000000000488e-01 1.044297538581650864e+00 1.044261799189573736e+00
-1.600000000000000311e-01 1.041396455555388956e+00 1.041361028918528442e+00
-1.400000000000000688e-01 1.037845887943010803e+00 1.037810832607583000e+00
-1.200000000000000511e-01 1.033695451518166664e+00 1.033660829572709883e+00
-1.000000000000000333e-01 1.029003767747397324e+00 1.028969642520774386e+00
-8.000000000000007105e-02 1.023837926798424558e+00 1.023804359929308738e+00
-6.000000000000005329e-02 1.018272833214206363e+00 1.018239881004747938e+00
-4.000000000000003553e-02 1.012390423627566038e+00 1.012358132637153352e+00
-2.000000000000001776e-02 1.006278746332493368e+00 1.006247148247651824e+00
0.000000000000000000e+00 1.000030894059665609e+00 1.000000000000051292e+00
1.999999999999990674e-02 9.937437841872771571e-01 9.937135787759325822e-01
3.999999999999992450e-02 9.875167850917975221e-01 9.874872208204085178e-01
5.999999999999994227e-02 9.814501935734252225e-01 9.814211862047952373e-01
7.999999999999996003e-02 9.756435763137961681e-01 9.756150022370084773e-01
9.999999999999997780e-02 9.701939979700736627e-01 9.701656944928713777e-01
1.199999999999999956e-01 9.651941693402477096e-01 9.651659387935352941e-01
1.400000000000000133e-01 9.607305602886376805e-01 9.607021784728532188e-01
1.599999999999999201e-01 9.568815327198955112e-01 9.568527616356936605e-01
1.799999999999999378e-01 9.537155575147059361e-01 9.536861615612558518e-01
1.999999999999999556e-01 9.512895845943121209e-01 9.512593486376448304e-01
2.199999999999999734e-01 9.496476359229489850e-01 9.496163830343020695e-01
2.399999999999999911e-01 9.488196864643303474e-01 9.487872928940286332e-01
2.600000000000000089e-01 9.488208876965139593e-01 9.487872928940218609e-01
2.799999999999999156e-01 9.496511728333513203e-01 9.496163830342818635e-01
2.999999999999999334e-01 9.512952637084017837e-01 9.512593486376116347e-01
3.199999999999999512e-01 9.537230782110615035e-01 9.536861615612099996e-01
3.399999999999999689e-01 9.568905163521803647e-01 9.568527616356361509e-01
3.599999999999999867e-01 9.607405845283937262e-01 9.607021784727853841e-01
3.800000000000000044e-01 9.652048030143414170e-01 9.651659387934578005e-01
3.999999999999999112e-01 9.702048321955653032e-01 9.701656944927861126e-01
4.199999999999999289e-01 9.756542489194317547e-01 9.756150022369166619e-01
4.399999999999999467e-01 9.814604052826036984e-01 9.814211862046979817e-01
4.599999999999999645e-01 9.875263073679985126e-01 9.874872208203082646e-01
4.799999999999999822e-01 9.937524597467433107e-01 9.937135787758301086e-01
5.000000000000000000e-01 1.000038631715360449e+00 9.999999999999487077e-01
