# gauge wave, dx = 0.01, t = 1
# 1:x 2:alpha 3:alpha_exact
-5.000000000000000000e-01 1.000000045943415294e+00 1.000000000000003109e+00
-4.900000000000000466e-01 1.003134657568823807e+00 1.003134613076897885e+00
-4.800000000000000377e-01 1.006247191281283149e+00 1.006247148247604750e+00
-4.700000000000000289e-01 1.009325624070295691e+00 1.009325582484947637e+00
-4.600000000000000200e-01 1.012358172798445199e+00 1.012358132637107611e+00
-4.500000000000000111e-01 1.015333333528541715e+00 1.015333294754732663e+00
-4.400000000000000577e-01 1.018239918437465974e+00 1.018239881004703973e+00
-4.300000000000000488e-01 1.021067090338225292e+00 1.021067054192090318e+00
-4.200000000000000400e-01 1.023804394849225474e+00 1.023804359929267660e+00
-4.100000000000000311e-01 1.026441790263882492e+00 1.026441756505406921e+00
-4.000000000000000222e-01 1.028969675185053001e+00 1.028969642520736638e+00
-3.900000000000000133e-01 1.031378913997048841e+00 1.031378882358405580e+00
-3.800000000000000044e-01 1.033660860253986513e+00 1.033660829572676354e+00
-3.699999999999999956e-01 1.035807378066816442e+00 1.035807348275800566e+00
-3.599999999999999867e-01 1.037810861572990406e+00 1.037810832607553246e+00
-3.500000000000000333e-01 1.039664252572636727e+00 1.039664224371262380e+00
-3.400000000000000244e-01 1.041361056413365072e+00 1.041361028918503795e+00
-3.300000000000000155e-01 1.042895356202962587e+00 1.042895329361671619e+00
-3.200000000000000622e-01 1.044261825425049750e+00 1.044261799189554196e+00
-3.100000000000000533e-01 1.045455739027920661e+00 1.045455713356059579e+00
-3.000000000000000444e-01 1.046472983050864336e+00 1.046472957906470436e+00
-2.900000000000000355e-01 1.047310062846022127e+00 1.047310038199226190e+00
-2.800000000000000266e-01 1.047964109946879718e+00 1.047964085774350407e+00
-2.700000000000000178e-01 1.048432887627227972e+00 1.048432863912348356e+00
-2.600000000000000089e-01 1.048714795186815874e+00 1.048714771919813993e+00
-2.500000000000000000e-01 1.048808870992128606e+00 1.048808848170151631e+00
-2.400000000000000466e-01 1.048714794292664232e+00 1.048714771919813549e+00
-2.300000000000000377e-01 1.048432885825030469e+00 1.048432863912347468e+00
-2.200000000000000289e-01 1.047964107208948725e+00 1.047964085774349297e+00
-2.100000000000000200e-01 1.047310059131048465e+00 1.047310038199224635e+00
-2.000000000000000111e-01 1.046472978304204826e+00 1.046472957906468437e+00
-1.900000000000000022e-01 1.045455733181985813e+00 1.045455713356057359e+00
-1.799999999999999933e-01 1.044261818399806252e+00 1.044261799189551532e+00
-1.700000000000000400e-01 1.042895347906572123e+00 1.042895329361668511e+00
-1.600000000000000311e-01 1.041361046742957708e+00 1.041361028918500464e+00
-1.500000000000000222e-01 1.039664241415250157e+00 1.039664224371258605e+00
-1.400000000000000133e-01 1.037810848806703268e+00 1.037810832607549250e+00
-1.300000000000000044e-01 1.035807363562061933e+00 1.035807348275796347e+00
-1.199999999999999956e-01 1.033660843875101820e+00 1.033660829572671913e+00
-1.100000000000000422e-01 1.031378895604064372e+00 1.031378882358400917e+00
-1.000000000000000333e-01 1.028969654635745190e+00 1.028969642520731531e+00
-9.000000000000002442e-02 1.026441767416121920e+00 1.026441756505401592e+00
-8.000000000000001554e-02 1.023804369563604766e+00 1.023804359929262109e+00
-7.000000000000000666e-02 1.021067062481015197e+00 1.021067054192084544e+00
-5.999999999999999778e-02 1.018239887883871431e+00 1.018239881004697978e+00
-5.000000000000004441e-02 1.015333300166275432e+00 1.015333294754726667e+00
-4.000000000000003553e-02 1.012358136531578578e+00 1.012358132637101615e+00
-3.000000000000002665e-02 1.009325584823389965e+00 1.009325582484941197e+00
-2.000000000000001776e-02 1.006247149003726582e+00 1.006247148247598311e+00
-1.000000000000000888e-02 1.003134612239328982e+00 1.003134613076891446e+00
0.000000000000000000e+00 9.999999975745759162e-01 9.999999999999966693e-01
1.000000000000000888e-02 9.968555261903354614e-01 9.968555301783013078e-01
2.000000000000001776e-02 9.937135732723539894e-01 9.937135787758780703e-01
3.000000000000002665e-02 9.905866215407239661e-01 9.905866284891096107e-01
4.000000000000003553e-02 9.874872125233353781e-01 9.874872208203547830e-01
4.999999999999993339e-02 9.844278956908095735e-01 9.844279052132254293e-01
5.999999999999994227e-02 9.814211756082583671e-01 9.814211862047437229e-01
6.999999999999995115e-02 9.784794572993861239e-01 9.784794687899622811e-01
7.999999999999996003e-02 9.756149900608757086e-01 9.756150022369596275e-01
8.999999999999996891e-02 9.728398100086330658e-01 9.728398226337647836e-01
9.999999999999997780e-02 9.701656816814804296e-01 9.701656944928260806e-01
1.099999999999999867e-01 9.676040390714263362e-01 9.676040517820944098e-01
1.199999999999999956e-01 9.651659264912897385e-01 9.651659387934938827e-01
1.300000000000000044e-01 9.628619397291626747e-01 9.628619512982400375e-01
1.400000000000000133e-01 9.607021679735817665e-01 9.607021784728172475e-01
1.500000000000000222e-01 9.586961370218957112e-01 9.586961461080885094e-01
1.600000000000000311e-01 9.568527543059917040e-01 9.568527616356630183e-01
1.700000000000000400e-01 9.551802562829923016e-01 9.551802615190551071e-01
1.799999999999999378e-01 9.536861587424907416e-01 9.536861615612314269e-01
1.899999999999999467e-01 9.523772105758601114e-01 9.523772106739915033e-01
1.999999999999999556e-01 9.512593515360433516e-01 9.512593486376271779e-01
2.099999999999999645e-01 9.503376744882150451e-01 9.503376683511683964e-01
2.199999999999999734e-01 9.496163926123019072e-01 9.496163830342913004e-01
2.299999999999999822e-01 9.490988119686096791e-01 9.490987987920705971e-01
2.399999999999999911e-01 9.487873097779195852e-01 9.487872928940249695e-01
2.500000000000000000e-01 9.486833186991094902e-01 9.486832980505137680e-01
2.600000000000000089e-01 9.487873173117777892e-01 9.487872928940254136e-01
2.700000000000000178e-01 9.490988269305243863e-01 9.490987987920714852e-01
2.800000000000000266e-01 9.496164147934526012e-01 9.496163830342926326e-01
2.900000000000000355e-01 9.503377035822149210e-01 9.503376683511700618e-01
3.000000000000000444e-01 9.512593871468393303e-01 9.512593486376292873e-01
3.099999999999999423e-01 9.523772522277368369e-01 9.523772106739940568e-01
3.199999999999999512e-01 9.536862058918131879e-01 9.536861615612343135e-01
3.299999999999999600e-01 9.551803083311996012e-01 9.551802615190583268e-01
3.399999999999999689e-01 9.568528106133855626e-01 9.568527616356666821e-01
3.499999999999999778e-01 9.586961969217350221e-01 9.586961461080925062e-01
3.599999999999999867e-01 9.607022307859868215e-01 9.607021784728215774e-01
3.699999999999999956e-01 9.628620047744511634e-01 9.628619512982447004e-01
3.800000000000000044e-01 9.651659931023436334e-01 9.651659387934987677e-01
3.900000000000000133e-01 9.676041066048024497e-01 9.676040517820995168e-01
4.000000000000000222e-01 9.701657495270378240e-01 9.701656944928314097e-01
4.100000000000000311e-01 9.728398775975424240e-01 9.728398226337703347e-01
4.200000000000000400e-01 9.756150568719330618e-01 9.756150022369655117e-01
4.299999999999999378e-01 9.784795228636202769e-01 9.784794687899683874e-01
4.399999999999999467e-01 9.814212395119273902e-01 9.814211862047498292e-01
4.499999999999999556e-01 9.844279575768487556e-01 9.844279052132316465e-01
4.599999999999999645e-01 9.874872720914377178e-01 9.874872208203612223e-01
4.699999999999999734e-01 9.905866785462162927e-01 9.905866284891160500e-01
4.799999999999999822e-01 9.937136275240325833e-01 9.937135787758845096e-01
4.899999999999999911e-01 9.968555775475049785e-01 9.968555301783077471e-01
5.000000000000000000e-01 1.000000045943415294e+00 1.000000000000003109e+00
