# gauge wave, dx = 0.02, t = 1
# 1:x 2:alpha 3:alpha_exact
-5.000000000000000000e-01 1.000000734445919637e+00 9.999999999999997780e-01
-4.800000000000000377e-01 1.006247836277482266e+00 1.006247148247601197e+00
-4.600000000000000755e-01 1.012358774811684681e+00 1.012358132637104280e+00
-4.400000000000000577e-01 1.018240479588921277e+00 1.018239881004700864e+00
-4.200000000000000400e-01 1.023804918344823234e+00 1.023804359929264551e+00
-4.000000000000000222e-01 1.028970164856951364e+00 1.028969642520733974e+00
-3.800000000000000600e-01 1.033661320171972431e+00 1.033660829572673912e+00
-3.600000000000000422e-01 1.037811295729331285e+00 1.037810832607551248e+00
-3.400000000000000799e-01 1.041361468477023156e+00 1.041361028918502019e+00
-3.200000000000000622e-01 1.044262218556939237e+00 1.044261799189552642e+00
-3.000000000000000444e-01 1.046473359770314859e+00 1.046472957906469325e+00
-2.800000000000000266e-01 1.047964472039688788e+00 1.047964085774349741e+00
-2.600000000000000644e-01 1.048715143646720360e+00 1.048714771919813771e+00
-2.400000000000000466e-01 1.048715129290091586e+00 1.048714771919813771e+00
-2.200000000000000289e-01 1.047964428083281163e+00 1.047964085774349741e+00
-2.000000000000000666e-01 1.046473283578234881e+00 1.046472957906469547e+00
-1.800000000000000488e-01 1.044262105817653996e+00 1.044261799189552864e+00
-1.600000000000000311e-01 1.041361313335133154e+00 1.041361028918502241e+00
-1.400000000000000688e-01 1.037811090988388196e+00 1.037810832607551470e+00
-1.200000000000000511e-01 1.033661057585760545e+00 1.033660829572674356e+00
-1.000000000000000333e-01 1.028969835529609078e+00 1.028969642520734196e+00
-8.000000000000007105e-02 1.023804513260830662e+00 1.023804359929264995e+00
-6.000000000000005329e-02 1.018239990290652930e+00 1.018239881004701308e+00
-4.000000000000003553e-02 1.012358194233327513e+00 1.012358132637104724e+00
-2.000000000000001776e-02 1.006247159727755802e+00 1.006247148247601642e+00
0.000000000000000000e+00 9.999999607070293450e-01 1.000000000000000222e+00
1.999999999999990674e-02 9.937134903984229384e-01 9.937135787758815120e-01
3.999999999999992450e-02 9.874870879411312696e-01 9.874872208203582247e-01
5.999999999999994227e-02 9.814210167478698565e-01 9.814211862047469426e-01
7.999999999999996003e-02 9.756148077252860817e-01 9.756150022369627361e-01
9.999999999999997780e-02 9.701654900209711885e-01 9.701656944928288562e-01
1.199999999999999956e-01 9.651657426335898959e-01 9.651659387934965473e-01
1.400000000000000133e-01 9.607020112628332775e-01 9.607021784728195790e-01
1.599999999999999201e-01 9.568526451550118939e-01 9.568527616356650167e-01
1.799999999999999378e-01 9.536861171694540618e-01 9.536861615612329812e-01
1.999999999999999556e-01 9.512593955263913825e-01 9.512593486376282881e-01
2.199999999999999734e-01 9.496165365030648786e-01 9.496163830342919665e-01
2.399999999999999911e-01 9.487875628870613420e-01 9.487872928940251915e-01
2.600000000000000089e-01 9.487876830183274990e-01 9.487872928940251915e-01
2.799999999999999156e-01 9.496168902134001222e-01 9.496163830342919665e-01
2.999999999999999334e-01 9.512599634562618478e-01 9.512593486376281771e-01
3.199999999999999512e-01 9.536868692433874140e-01 9.536861615612327592e-01
3.399999999999999689e-01 9.568535434999602129e-01 9.568527616356647947e-01
3.599999999999999867e-01 9.607030136456372604e-01 9.607021784728193570e-01
3.800000000000000044e-01 9.651668059437953362e-01 9.651659387934962142e-01
3.999999999999999112e-01 9.701665733804349934e-01 9.701656944928285231e-01
4.199999999999999289e-01 9.756158749260038787e-01 9.756150022369624031e-01
4.399999999999999467e-01 9.814220378675798662e-01 9.814211862047464985e-01
4.599999999999999645e-01 9.874880401275014652e-01 9.874872208203577806e-01
4.799999999999999822e-01 9.937143579216305422e-01 9.937135787758810679e-01
5.000000000000000000e-01 1.000000734445919637e+00 9.999999999999997780e-01
