# gauge wave, dx = 0.04, t = 1
# 1:x 2:alpha 3:alpha_exact
-5.000000000000000000e-01 1.000011707689400842e+00 9.999999999999997780e-01
-4.599999999999999645e-01 1.012368382227647690e+00 1.012358132637104502e+00
-4.199999999999999845e-01 1.023813277175407599e+00 1.023804359929264551e+00
-3.800000000000000044e-01 1.033668662005686523e+00 1.033660829572673912e+00
-3.399999999999999689e-01 1.041368040672405293e+00 1.041361028918502019e+00
-2.999999999999999889e-01 1.046479360619549714e+00 1.046472957906469325e+00
-2.600000000000000089e-01 1.048720685995646607e+00 1.048714771919813771e+00
-2.199999999999999734e-01 1.047969522972868939e+00 1.047964085774349741e+00
-1.799999999999999933e-01 1.044266660183999607e+00 1.044261799189552864e+00
-1.400000000000000133e-01 1.037814918022066379e+00 1.037810832607551470e+00
-9.999999999999997780e-02 1.028972681199985972e+00 1.028969642520734196e+00
-5.999999999999994227e-02 1.018241583572454534e+00 1.018239881004701308e+00
-2.000000000000001776e-02 1.006247294862177677e+00 1.006247148247601642e+00
2.000000000000001776e-02 9.937121425754200654e-01 9.937135787758815120e-01
6.000000000000005329e-02 9.814184728025425741e-01 9.814211862047469426e-01
9.999999999999997780e-02 9.701624433756056431e-01 9.701656944928288562e-01
1.400000000000000133e-01 9.606995423491945241e-01 9.607021784728195790e-01
1.800000000000000488e-01 9.536854948884146976e-01 9.536861615612329812e-01
2.199999999999999734e-01 9.496188613817759805e-01 9.496163830342919665e-01
2.600000000000000089e-01 9.487935120535936351e-01 9.487872928940251915e-01
3.000000000000000444e-01 9.512691091336068494e-01 9.512593486376281771e-01
3.399999999999999689e-01 9.568651571182279492e-01 9.568527616356647947e-01
3.800000000000000044e-01 9.651796913931994792e-01 9.651659387934962142e-01
4.200000000000000400e-01 9.756288626556114396e-01 9.756150022369624031e-01
4.600000000000000755e-01 9.875002580613694292e-01 9.874872208203578916e-01
5.000000000000001110e-01 1.000011707689400842e+00 9.999999999999997780e-01
